[cam_1]
name = "cam1"
size = [ 540.0, 960.0]
matrix = [ [ 517.0443426301174, 0.0, 269.5], [ 0.0, 513.9621571814748, 479.5], [ 0.0, 0.0, 1.0]]
distortions = [ 0.10680482469056943, -0.31330540429918413, 0.01582172446672055, 0.019910225907027596]
rotation = [ -2.7960945864536964, -0.2270941704131419, 1.1188569698152044]
translation = [ 0.6822647597025034, 0.3103506318682294, -2.4318908230862095]
fisheye = false

[cam_2]
name = "cam2"
size = [ 540.0, 960.0]
matrix = [ [ 628.5729457890619, 0.0, 269.5], [ 0.0, 630.16478385435, 479.5], [ 0.0, 0.0, 1.0]]
distortions = [ 0.05393030755994593, 0.007327394335181431, 0.030599138328049943, 0.004881824584718818]
rotation = [ -2.8977847821353455, 0.06965000572699764, -0.5711538544675157]
translation = [ -0.7483124650304338, 0.40514630813640923, -2.282326873791691]
fisheye = false

[cam_3]
name = "cam3"
size = [ 540.0, 960.0]
matrix = [ [ 575.8951169700448, 0.0, 269.5], [ 0.0, 588.2164956142743, 479.5], [ 0.0, 0.0, 1.0]]
distortions = [ 0.045557930470050266, 0.12662990618029732, 0.04571091696847432, 0.0052469885356034454]
rotation = [ -2.661706078901523, 0.2085561058892808, -1.1227271185988525]
translation = [ -0.8819641215313836, 0.766573291187417, -2.5925909313233104]
fisheye = false

[metadata]
adjusted = false
error = 0.0
