[cam_1]
name = "cam1"
size = [ 540.0, 960.0]
matrix = [ [ 500.4128118096775, 0.0, 269.5], [ 0.0, 496.60812860307, 479.5], [ 0.0, 0.0, 1.0]]
distortions = [ 0.10705289884195357, -0.33068535547195055, 0.015073682082787965, 0.023812111129460002]
rotation = [ -2.9409986861007176, -0.016476314451401925, 0.4312087334951067]
translation = [ -0.16842259607986276, 0.6438661246874396, -1.8380164378997517]
fisheye = false

[cam_2]
name = "cam2"
size = [ 540.0, 960.0]
matrix = [ [ 625.9517237792676, 0.0, 269.5], [ 0.0, 627.3423560055604, 479.5], [ 0.0, 0.0, 1.0]]
distortions = [ 0.07289388117864751, -0.01674376030678485, 0.03381352868167648, 0.006509578964814247]
rotation = [ -2.9234267290297313, -0.09408566832474652, 0.3335443763279443]
translation = [ -0.20493120379736635, 0.7520225977117408, -2.025831047805625]
fisheye = false

[cam_3]
name = "cam3"
size = [ 540.0, 960.0]
matrix = [ [ 568.7175303296569, 0.0, 269.5], [ 0.0, 581.4070703626288, 479.5], [ 0.0, 0.0, 1.0]]
distortions = [ 0.06982345504925644, 0.047443676277314224, 0.04715263350325234, 0.004100947684430408]
rotation = [ -2.8606493616435635, -0.010236717591779574, -0.3909795279158625]
translation = [ -0.4756385454797231, 0.8361624213977914, -2.1233756817413427]
fisheye = false

[metadata]
adjusted = false
error = 0.0
